ids <- c("neale17_20002_1473", "neale17_6153_1", "neale17_6177_1")